a = 0.100000001490116119384765625
b = 0.20000000298023223876953125
a + b = 0.300000011920928955078125
j = 0.1000000000000000055511151231257827021181583404541015625
k = 0.200000000000000011102230246251565404236316680908203125
j + k = 0.3000000000000000444089209850062616169452667236328125
x = 0.1000000000000000055511151231257827021181583404541015625
y = 0.200000000000000011102230246251565404236316680908203125
x + y = 0.3000000000000000166533453693773481063544750213623046875
